0 41 67 34 0 69 24 78 58 62 64 5 45 81 27 61 91 95 42 27 
41 0 36 91 4 2 53 92 82 21 16 18 95 47 26 71 38 69 12 67 
67 36 0 99 35 94 3 11 22 33 73 64 41 11 53 68 47 44 62 57 
34 91 99 0 37 59 23 41 29 78 16 35 90 42 88 6 40 42 64 48 
0 4 35 37 0 46 5 90 29 70 50 6 1 93 48 29 23 84 54 56 
69 2 94 59 46 0 40 66 76 31 8 44 39 26 23 37 38 18 82 29 
24 53 3 23 5 40 0 41 33 15 39 58 4 30 77 6 73 86 21 45 
78 92 11 41 90 66 41 0 24 72 70 29 77 73 97 12 86 90 61 36 
58 82 22 29 29 76 33 24 0 55 67 55 74 31 52 50 50 41 24 66 
62 21 33 78 70 31 15 72 55 0 30 7 91 7 37 57 87 53 83 45 
64 16 73 16 50 8 39 70 67 30 0 9 9 58 21 88 22 46 6 30 
5 18 64 35 6 44 58 29 55 7 9 0 13 68 0 91 62 55 10 59 
45 95 41 90 1 39 4 77 74 91 9 13 0 24 37 48 83 95 41 2 
81 47 11 42 93 26 30 73 31 7 58 68 24 0 50 91 36 74 20 96 
27 26 53 88 48 23 77 97 52 37 21 0 37 50 0 21 48 99 68 84 
61 71 68 6 29 37 6 12 50 57 88 91 48 91 21 0 81 34 53 99 
91 38 47 40 23 38 73 86 50 87 22 62 83 36 48 81 0 18 38 0 
95 69 44 42 84 18 86 90 41 53 46 55 95 74 99 34 18 0 88 27 
42 12 62 64 54 82 21 61 24 83 6 10 41 20 68 53 38 88 0 67 
27 67 57 48 56 29 45 36 66 45 30 59 2 96 84 99 0 27 67 0 
